<?xml version="1.0"?>
<opencv_storage>
<cam1 type_id="opencv-matrix">
  <rows>3</rows>
  <cols>3</cols>
  <dt>d</dt>
  <data>
    6.8824 6.9483 0.
    -7.4942 7.3680 0.
    6.7742 -3.4545 1.</data></cam1>
<cam2 type_id="opencv-matrix">
  <rows>3</rows>
  <cols>3</cols>
  <dt>d</dt>
  <data>
    6.9316 6.8473 0.
    -7.9225 8.0357 0.
    7.5106 -2.9287 1.</data></cam2>
<cam3 type_id="opencv-matrix">
  <rows>3</rows>
  <cols>3</cols>
  <dt>d</dt>
  <data>
    6.9145 6.8661 0.
    -8.8172 8.9528 0.
    7.3818 -3.6739 1.</data></cam3>
<cam4 type_id="opencv-matrix">
  <rows>3</rows>
  <cols>3</cols>
  <dt>d</dt>
  <data>
    6.8516 6.9656 0.
    -1.0201 1.0036 0.
    9.9637 -5.1721 1.</data></cam4>
<cam5 type_id="opencv-matrix">
  <rows>3</rows>
  <cols>3</cols>
  <dt>d</dt>
  <data>
    6.8885 6.9343 0.
    -1.2670 1.2428 0.
    1.0668 -5.5089 1.</data></cam5>
<cam6 type_id="opencv-matrix">
  <rows>3</rows>
  <cols>3</cols>
  <dt>d</dt>
  <data>
    6.6268 7.1472 0.
    -1.6776 1.6381 0.
    1.1187 -7.6782 1.</data></cam6>
<cam7 type_id="opencv-matrix">
  <rows>3</rows>
  <cols>3</cols>
  <dt>d</dt>
  <data>
    6.8888 6.8444 0.
    -2.6206 2.6326 0.
    1.7972 -1.4400 1.</data></cam7>
<cam8 type_id="opencv-matrix">
  <rows>3</rows>
  <cols>3</cols>
  <dt>d</dt>
  <data>
    6.4682 7.2436 0.
    -6.2020 6.1690 0.
    3.8592 -3.5065 1.</data></cam8>
<corners-cam0 type_id="opencv-matrix">
  <rows>4</rows>
  <cols>2</cols>
  <dt>d</dt>
  <data>
    3.5064 1.7063
    1.1768 2.4561
    1.1094 1.0628
    2.8316 9.9388</data></corners-cam0>
</opencv_storage>
