<?xml version="1.0"?>
<opencv_storage>
<cam1 type_id="opencv-matrix">
  <rows>3</rows>
  <cols>3</cols>
  <dt>d</dt>
  <data>
    6.8824361258039601e-001 6.9483159512122095e-001 0.
    -7.4942550616645998e-001 7.3680703805936698e-001 0.
    6.7742795040894703e+002 -3.4545794859067598e+002 1.</data></cam1>
<cam2 type_id="opencv-matrix">
  <rows>3</rows>
  <cols>3</cols>
  <dt>d</dt>
  <data>
    6.9316925985167899e-001 6.8473171441035396e-001 0.
    -7.9225679802239302e-001 8.0357714119528900e-001 0.
    7.5106867857697705e+002 -2.9287364223163598e+002 1.</data></cam2>
<cam3 type_id="opencv-matrix">
  <rows>3</rows>
  <cols>3</cols>
  <dt>d</dt>
  <data>
    6.9145061067066704e-001 6.8661941936761905e-001 0.
    -8.8172273409042101e-001 8.9528645528014905e-001 0.
    7.3818735019124995e+002 -3.6739814178514803e+002 1.</data></cam3>
<cam4 type_id="opencv-matrix">
  <rows>3</rows>
  <cols>3</cols>
  <dt>d</dt>
  <data>
    6.8516814027649897e-001 6.9656653557582304e-001 0.
    -1.0201098931749100e+000 1.0036817002761300e+000 0.
    9.9637718364231000e+002 -5.1721675035583803e+002 1.</data></cam4>
<cam5 type_id="opencv-matrix">
  <rows>3</rows>
  <cols>3</cols>
  <dt>d</dt>
  <data>
    6.8885098003297396e-001 6.9343057336508496e-001 0.
    -1.2670818831287800e+000 1.2428100384685801e+000 0.
    1.0668734727024500e+003 -5.5089742910277801e+002 1.</data></cam5>
<cam6 type_id="opencv-matrix">
  <rows>3</rows>
  <cols>3</cols>
  <dt>d</dt>
  <data>
    6.6268752043431001e-001 7.1472562899657099e-001 0.
    -1.6776663447866800e+000 1.6381587451242801e+000 0.
    1.1187373930018700e+003 -7.6782276004245796e+002 1.</data></cam6>
<cam7 type_id="opencv-matrix">
  <rows>3</rows>
  <cols>3</cols>
  <dt>d</dt>
  <data>
    6.8888070254661304e-001 6.8444819431735804e-001 0.
    -2.6206224524961099e+000 2.6326722201756398e+000 0.
    1.7972600264213099e+003 -1.4400953308409401e+003 1.</data></cam7>
<cam8 type_id="opencv-matrix">
  <rows>3</rows>
  <cols>3</cols>
  <dt>d</dt>
  <data>
    6.4682954384973901e-001 7.2436096596525901e-001 0.
    -6.2020618556701104e+000 6.1690721649484601e+000 0.
    3.8592765660723499e+003 -3.5065727259805899e+003 1.</data></cam8>
<corners-cam0 type_id="opencv-matrix">
  <rows>4</rows>
  <cols>2</cols>
  <dt>d</dt>
  <data>
    3.5064219759926101e+002 1.7063758079409101e+002
    1.1768878116343501e+003 2.4561449676823599e+002
    1.1094085872576200e+003 1.0628628808864300e+003
    2.8316297322253001e+002 9.9388411819021201e+002</data></corners-cam0>
</opencv_storage>
